267.0 0.0 5217.0
335.0 0.0 5240.0
627.0 20.0 5190.0
655.0 0.0 5142.0
605.0 52.0 5180.0
682.0 20.0 5160.0
650.0 0.0 5212.0
650.0 0.0 5165.0
597.0 35.0 5127.0
632.0 35.0 5160.0
605.0 5.0 5180.0
610.0 0.0 5122.0
605.0 10.0 5137.0
705.0 47.0 5180.0
5687.0 905.0 -797.0
5682.0 677.0 -920.0
5717.0 597.0 -905.0
5722.0 682.0 -835.0
5682.0 935.0 -702.0
5695.0 887.0 -755.0
5727.0 765.0 -782.0
5740.0 712.0 -765.0
5760.0 707.0 -750.0
5722.0 677.0 -777.0
5722.0 692.0 -740.0
5740.0 665.0 -792.0
5745.0 670.0 -702.0
5755.0 655.0 -725.0
5695.0 635.0 -755.0
5710.0 640.0 -797.0
5750.0 627.0 -777.0
5705.0 635.0 -772.0
5740.0 677.0 -802.0
5710.0 627.0 -772.0
5740.0 592.0 -755.0
5772.0 592.0 -750.0
5740.0 570.0 -807.0
5717.0 545.0 -815.0
5682.0 627.0 -782.0
5710.0 627.0 -755.0
5710.0 580.0 -777.0
5677.0 622.0 -760.0
5717.0 575.0 -740.0
5732.0 565.0 -782.0
5727.0 587.0 -807.0
5755.0 617.0 -830.0
5727.0 570.0 -777.0
5722.0 537.0 -777.0
5745.0 532.0 -820.0
5760.0 480.0 -782.0
155.0 40.0 5212.0
5520.0 1825.0 -687.0
5615.0 1612.0 -707.0
5592.0 1560.0 -750.0
5655.0 1565.0 -725.0
5620.0 1485.0 -725.0
5700.0 1497.0 -717.0
5637.0 1455.0 -687.0
5615.0 1470.0 -745.0
5620.0 1532.0 -740.0
5642.0 1545.0 -697.0
5620.0 1545.0 -702.0
5597.0 1560.0 -730.0
5565.0 1555.0 -712.0
5570.0 1560.0 -740.0
5632.0 1507.0 -692.0
5597.0 1575.0 -707.0
5605.0 1497.0 -725.0
5610.0 1532.0 -717.0
5620.0 1565.0 -725.0
5655.0 1532.0 -712.0
5587.0 1550.0 -677.0
5637.0 1512.0 -717.0
5627.0 1517.0 -750.0
5565.0 1527.0 -760.0
5605.0 1492.0 -777.0
5610.0 1492.0 -750.0
5637.0 1502.0 -697.0
5637.0 1522.0 -750.0
5637.0 1507.0 -735.0
5582.0 1517.0 -735.0
5637.0 1497.0 -760.0
5637.0 1465.0 -735.0
5642.0 1497.0 -745.0
5605.0 1470.0 -712.0
5665.0 1545.0 -712.0
5637.0 1545.0 -760.0
5597.0 1512.0 -755.0
5655.0 1550.0 -765.0
5655.0 1512.0 -750.0
5620.0 1560.0 -755.0
5575.0 1550.0 -712.0
5642.0 1475.0 -772.0
5642.0 1527.0 -765.0
5672.0 1527.0 -777.0
5637.0 1512.0 -815.0
5660.0 1522.0 -725.0
5597.0 1507.0 -750.0
5582.0 1470.0 -740.0
5497.0 1995.0 -802.0
6990.0 2882.0 -4460.0
7017.0 2820.0 -4360.0
7465.0 2882.0 -4270.0
7217.0 3032.0 -4105.0
6915.0 3312.0 -4195.0
6630.0 3237.0 -4180.0
6315.0 3297.0 -4122.0
6287.0 3260.0 -4100.0
6120.0 3247.0 -4147.0
6057.0 3222.0 -4117.0
5957.0 3260.0 -4085.0
5885.0 3322.0 -4090.0
5800.0 3285.0 -4032.0
5745.0 3307.0 -4070.0
172.0 72.0 5227.0
5222.0 2852.0 -665.0
5407.0 2355.0 -740.0
5412.0 2252.0 -692.0
5390.0 2247.0 -707.0
5407.0 2222.0 -692.0
5385.0 2180.0 -712.0
5457.0 2147.0 -702.0
5442.0 2152.0 -645.0
5420.0 2162.0 -697.0
5452.0 2190.0 -717.0
5407.0 2232.0 -755.0
5385.0 2222.0 -707.0
5442.0 2252.0 -697.0
5420.0 2252.0 -697.0
5402.0 2247.0 -717.0
5470.0 2265.0 -707.0
5397.0 2280.0 -740.0
5407.0 2252.0 -670.0
5385.0 2275.0 -665.0
5402.0 2285.0 -730.0
5442.0 2252.0 -760.0
5447.0 2200.0 -735.0
5370.0 2295.0 -745.0
5407.0 2317.0 -717.0
5375.0 2370.0 -725.0
5385.0 2365.0 -760.0
5370.0 2427.0 -712.0
5380.0 2390.0 -707.0
5362.0 2427.0 -740.0
5370.0 2455.0 -725.0
5340.0 2432.0 -730.0
5317.0 2412.0 -697.0
5340.0 2502.0 -725.0
5335.0 2440.0 -765.0
5402.0 2307.0 -682.0
4717.0 3900.0 -5365.0
4970.0 3460.0 -4652.0
5555.0 3365.0 -4572.0
5705.0 3322.0 -3990.0
5740.0 3370.0 -3910.0
5777.0 3445.0 -3920.0
5722.0 3445.0 -3905.0
4325.0 3512.0 -3720.0
4680.0 3692.0 -607.0
4857.0 3507.0 -602.0
5060.0 3110.0 -665.0
5072.0 3090.0 -682.0
5072.0 3117.0 -602.0
5037.0 3132.0 -622.0
5055.0 3080.0 -607.0
5010.0 3110.0 -655.0
5032.0 3297.0 -650.0
5015.0 3217.0 -650.0
4977.0 3255.0 -640.0
4987.0 3312.0 -602.0
4977.0 3275.0 -607.0
4942.0 3285.0 -587.0
4932.0 3312.0 -622.0
4965.0 3370.0 -645.0
4887.0 3387.0 -677.0
4842.0 3407.0 -677.0
4932.0 3445.0 -660.0
4947.0 3387.0 -640.0
4942.0 3397.0 -587.0
4947.0 3370.0 -587.0
4937.0 3360.0 -597.0
4955.0 3402.0 -570.0
4892.0 3360.0 -622.0
4915.0 3380.0 -640.0
4902.0 3427.0 -660.0
4892.0 3412.0 -607.0
4910.0 3387.0 -617.0
4977.0 3392.0 -575.0
5032.0 3302.0 -607.0
4970.0 3290.0 -612.0
5032.0 3147.0 -640.0
5077.0 3152.0 -645.0
5050.0 3110.0 -670.0
5060.0 3117.0 -650.0
5095.0 3052.0 -640.0
5122.0 3037.0 -602.0
5082.0 3147.0 -640.0
5032.0 3100.0 -650.0
5005.0 3217.0 -602.0
4977.0 3255.0 -640.0
4017.0 4037.0 -5577.0
4260.0 4345.0 -375.0
4045.0 4550.0 -342.0
4090.0 4572.0 -352.0
4392.0 4255.0 -427.0
4487.0 4032.0 -475.0
4455.0 4100.0 -497.0
4387.0 4175.0 -455.0
4410.0 4185.0 -417.0
4337.0 4285.0 -437.0
4305.0 4255.0 -470.0
4292.0 4332.0 -480.0
4282.0 4327.0 -432.0
4220.0 4392.0 -497.0
4225.0 4360.0 -432.0
4220.0 4382.0 -460.0
4215.0 4417.0 -455.0
4202.0 4375.0 -437.0
4185.0 4430.0 -432.0
4175.0 4402.0 -437.0
4192.0 4355.0 -447.0
4147.0 4412.0 -465.0
4175.0 4402.0 -442.0
4215.0 4407.0 -417.0
4202.0 4417.0 -460.0
4147.0 4382.0 -470.0
4080.0 4465.0 -437.0
4180.0 4387.0 -427.0
4185.0 4392.0 -490.0
4157.0 4382.0 -465.0
4192.0 4365.0 -480.0
4175.0 4450.0 -527.0
4207.0 4450.0 -465.0
4192.0 4382.0 -522.0
4157.0 4435.0 -480.0
4202.0 4355.0 -522.0
4192.0 4375.0 -512.0
4215.0 4365.0 -465.0
4230.0 4417.0 -465.0
4247.0 4392.0 -437.0
4207.0 4397.0 -475.0
4192.0 4370.0 -465.0
4220.0 4402.0 -507.0
4270.0 4350.0 -460.0
4260.0 4345.0 -465.0
4297.0 4270.0 -432.0
4297.0 4285.0 -470.0
4242.0 4327.0 -497.0
4237.0 4365.0 -507.0
4377.0 4237.0 -517.0
3042.0 4620.0 -5207.0
3340.0 4022.0 -3525.0
3120.0 5350.0 -347.0
3282.0 5112.0 -1772.0
3120.0 5387.0 -295.0
3272.0 5255.0 -110.0
3607.0 4885.0 67.0
3570.0 4932.0 0.0
3402.0 5095.0 -30.0
3435.0 5080.0 -5.0
3385.0 5155.0 -47.0
3380.0 5170.0 -30.0
3305.0 5160.0 -72.0
3277.0 5240.0 -115.0
3222.0 5270.0 -95.0
3245.0 5250.0 -125.0
3227.0 5217.0 -120.0
3187.0 5275.0 -105.0
3200.0 5255.0 -82.0
3155.0 5255.0 -95.0
3205.0 5275.0 -57.0
3127.0 5302.0 -72.0
3115.0 5355.0 -125.0
3440.0 5032.0 -167.0
3810.0 4735.0 -342.0
3760.0 4777.0 -347.0
3670.0 4915.0 -337.0
3615.0 4915.0 -317.0
3602.0 4962.0 -342.0
3580.0 5000.0 -322.0
3530.0 5032.0 -290.0
3502.0 5027.0 -267.0
3480.0 5112.0 -242.0
3430.0 5100.0 -285.0
3422.0 5117.0 -285.0
3462.0 5122.0 -300.0
3445.0 5052.0 -305.0
3497.0 5090.0 -327.0
3417.0 5085.0 -317.0
3462.0 5017.0 -290.0
3435.0 5090.0 -332.0
3417.0 5100.0 -365.0
3467.0 5107.0 -317.0
3440.0 5107.0 -305.0
3350.0 5065.0 -295.0
3417.0 5100.0 -332.0
3480.0 5107.0 -327.0
3445.0 5137.0 -290.0
3535.0 5032.0 -310.0
3755.0 4885.0 -317.0
2085.0 5010.0 -5085.0
2162.0 5017.0 -4867.0
2442.0 4795.0 -4985.0
2230.0 5137.0 1720.0
2835.0 5545.0 -1342.0
2975.0 5420.0 -120.0
3015.0 5455.0 -57.0
2930.0 5445.0 -72.0
2920.0 5450.0 -105.0
2935.0 5445.0 -115.0
2902.0 5430.0 -105.0
2870.0 5425.0 -87.0
2907.0 5492.0 -152.0
2880.0 5477.0 -172.0
2875.0 5520.0 -162.0
2830.0 5520.0 -137.0
2807.0 5557.0 -147.0
2780.0 5562.0 -105.0
2785.0 5525.0 -120.0
2750.0 5535.0 -115.0
2735.0 5507.0 -95.0
2722.0 5507.0 -100.0
2727.0 5550.0 -142.0
2750.0 5577.0 -110.0
2767.0 5577.0 -130.0
2745.0 5587.0 -162.0
2717.0 5525.0 -142.0
2672.0 5530.0 -162.0
2677.0 5592.0 -147.0
2685.0 5567.0 -142.0
2672.0 5640.0 -120.0
2667.0 5695.0 -142.0
2640.0 5647.0 -147.0
2627.0 5625.0 -142.0
2627.0 5592.0 -162.0
2622.0 5635.0 -130.0
2622.0 5615.0 -95.0
2632.0 5640.0 -105.0
2605.0 5630.0 -125.0
2600.0 5597.0 -157.0
2550.0 5625.0 -142.0
2600.0 5652.0 -130.0
2577.0 5677.0 -142.0
2560.0 5635.0 -120.0
2577.0 5630.0 -62.0
2565.0 5657.0 -87.0
2595.0 5705.0 -25.0
2605.0 5647.0 -57.0
2515.0 5640.0 -72.0
2705.0 5605.0 -82.0
1707.0 5017.0 1972.0
1792.0 6022.0 -807.0
2032.0 5910.0 -772.0
1900.0 6012.0 -887.0
1787.0 6007.0 -910.0
1657.0 6027.0 -925.0
1625.0 6075.0 -920.0
1590.0 6042.0 -972.0
1612.0 6047.0 -925.0
1612.0 6085.0 -977.0
1625.0 6055.0 -925.0
1647.0 6065.0 -982.0
1575.0 6037.0 -967.0
1552.0 6107.0 -920.0
1585.0 6160.0 -962.0
1590.0 6097.0 -952.0
1562.0 6097.0 -940.0
1540.0 6065.0 -905.0
1535.0 6112.0 -920.0
1575.0 6097.0 -882.0
1495.0 6097.0 -930.0
1517.0 6090.0 -887.0
1567.0 6090.0 -862.0
1530.0 6075.0 -910.0
1462.0 6097.0 -945.0
1535.0 6085.0 -930.0
1535.0 6145.0 -972.0
1530.0 6165.0 -930.0
1512.0 6090.0 -910.0
1530.0 6127.0 -920.0
1507.0 6137.0 -887.0
1477.0 6102.0 -952.0
1517.0 6145.0 -920.0
1567.0 6070.0 -925.0
1540.0 6085.0 -982.0
1540.0 6097.0 -930.0
1567.0 6060.0 -920.0
1545.0 6085.0 -905.0
1535.0 6090.0 -925.0
1562.0 6097.0 -952.0
1490.0 6097.0 -940.0
1517.0 6075.0 -972.0
1500.0 6075.0 -930.0
1507.0 6117.0 -925.0
1500.0 6102.0 -962.0
1512.0 6085.0 -935.0
1522.0 6097.0 -940.0
1552.0 6107.0 -967.0
1540.0 6117.0 -945.0
1512.0 6075.0 -920.0
60.0 4820.0 -4530.0
200.0 6365.0 -587.0
110.0 6350.0 -400.0
87.0 6350.0 -427.0
87.0 6377.0 -455.0
42.0 6382.0 -422.0
42.0 6382.0 -550.0
162.0 6397.0 -565.0
755.0 6360.0 -792.0
727.0 6317.0 -740.0
732.0 6387.0 -772.0
732.0 6330.0 -697.0
737.0 6302.0 -755.0
700.0 6360.0 -730.0
672.0 6297.0 -735.0
672.0 6312.0 -772.0
695.0 6312.0 -760.0
737.0 6360.0 -772.0
717.0 6377.0 -777.0
660.0 6325.0 -755.0
642.0 6307.0 -777.0
660.0 6340.0 -765.0
627.0 6325.0 -807.0
650.0 6340.0 -745.0
650.0 6382.0 -750.0
655.0 6387.0 -765.0
615.0 6355.0 -792.0
620.0 6365.0 -730.0
627.0 6345.0 -760.0
627.0 6345.0 -802.0
642.0 6330.0 -755.0
582.0 6330.0 -782.0
627.0 6355.0 -725.0
605.0 6330.0 -730.0
650.0 6372.0 -782.0
582.0 6407.0 -787.0
650.0 6365.0 -782.0
660.0 6392.0 -777.0
547.0 6302.0 -807.0
610.0 6355.0 -815.0
632.0 6317.0 -807.0
660.0 6297.0 -792.0
650.0 6372.0 -807.0
620.0 6392.0 -845.0
650.0 6377.0 -740.0
655.0 6312.0 -782.0
632.0 6307.0 -772.0
615.0 6312.0 -745.0
627.0 6312.0 -772.0
637.0 6330.0 -787.0
-425.0 5345.0 -3980.0
-1092.0 6282.0 0.0
-1092.0 6307.0 -10.0
-760.0 6355.0 -485.0
-285.0 6440.0 -527.0
-227.0 6440.0 -522.0
-425.0 6377.0 -522.0
-532.0 6407.0 -507.0
-952.0 6387.0 -475.0
-1025.0 6360.0 -417.0
-952.0 6392.0 -427.0
-605.0 6387.0 -480.0
-457.0 6430.0 -497.0
-475.0 6425.0 -512.0
-375.0 6397.0 -512.0
-380.0 6435.0 -507.0
-347.0 6462.0 -517.0
-352.0 6440.0 -512.0
-362.0 6420.0 -475.0
-347.0 6430.0 -480.0
-290.0 6425.0 -485.0
-295.0 6467.0 -497.0
-257.0 6440.0 -517.0
-227.0 6407.0 -507.0
-235.0 6402.0 -497.0
-195.0 6430.0 -512.0
-182.0 6392.0 -470.0
-172.0 6415.0 -432.0
-167.0 6365.0 -460.0
-155.0 6382.0 -470.0
-87.0 6415.0 -475.0
-100.0 6435.0 -480.0
-95.0 6420.0 -437.0
-82.0 6387.0 -432.0
-117.0 6377.0 -455.0
-15.0 6425.0 -442.0
-65.0 6330.0 -412.0
-55.0 6377.0 -422.0
-5.0 6435.0 -407.0
-15.0 6415.0 -395.0
-15.0 6377.0 -485.0
-100.0 6377.0 -442.0
-55.0 6445.0 -512.0
-15.0 6397.0 -527.0
-32.0 6420.0 -480.0
-32.0 6397.0 -532.0
-72.0 6402.0 -475.0
-15.0 6407.0 -465.0
-27.0 6365.0 -490.0
0.0 6415.0 -480.0
-2195.0 6097.0 52.0
-2162.0 6137.0 62.0
-2067.0 6137.0 20.0
-2135.0 6122.0 -15.0
-1972.0 6145.0 -25.0
-1445.0 6250.0 -100.0
-1277.0 6330.0 -130.0
-1260.0 6297.0 -142.0
-1232.0 6302.0 -95.0
-1215.0 6270.0 -35.0
-1350.0 6292.0 -57.0
-1950.0 6127.0 -100.0
-2040.0 6197.0 -130.0
-2062.0 6180.0 -120.0
-1995.0 6127.0 -152.0
-2010.0 6132.0 -185.0
-1995.0 6170.0 -95.0
-1922.0 6175.0 -72.0
-1865.0 6192.0 -57.0
-1887.0 6175.0 -95.0
-1792.0 6240.0 -167.0
-1765.0 6245.0 -147.0
-1737.0 6250.0 -100.0
-1737.0 6245.0 -100.0
-1792.0 6240.0 -190.0
-1770.0 6275.0 -172.0
-1797.0 6245.0 -162.0
-1775.0 6250.0 -152.0
-1707.0 6245.0 -77.0
-1760.0 6260.0 -82.0
-1707.0 6227.0 -35.0
-1742.0 6222.0 -5.0
-1680.0 6240.0 -47.0
-1742.0 6255.0 -35.0
-1737.0 6222.0 -47.0
-1657.0 6260.0 -30.0
-1647.0 6227.0 -20.0
-1697.0 6207.0 -40.0
-1630.0 6180.0 -15.0
-1692.0 6217.0 -20.0
-1720.0 6192.0 5.0
-1752.0 6207.0 -15.0
-1937.0 6170.0 -47.0
-1945.0 6127.0 0.0
-2027.0 6097.0 30.0
-2090.0 6155.0 40.0
-1742.0 6170.0 130.0
-1607.0 6212.0 100.0
-1787.0 6192.0 -185.0
-1305.0 6307.0 -332.0
-1937.0 4872.0 2517.0
-1905.0 4990.0 2247.0
-2107.0 5392.0 1660.0
-3015.0 5520.0 640.0
-2912.0 5557.0 650.0
-3127.0 5815.0 -1005.0
-2387.0 5615.0 910.0
-3237.0 5705.0 67.0
-3210.0 5700.0 10.0
-3160.0 5715.0 35.0
-3210.0 5720.0 0.0
-3250.0 5672.0 -87.0
-3237.0 5720.0 -77.0
-3260.0 5687.0 -100.0
-2875.0 5847.0 -82.0
-2655.0 5965.0 -57.0
-2515.0 5952.0 -57.0
-2500.0 5942.0 -47.0
-2410.0 6017.0 -15.0
-2357.0 6047.0 10.0
-2275.0 6085.0 30.0
-2262.0 6065.0 0.0
-2790.0 5862.0 -152.0
-2817.0 5875.0 -152.0
-2785.0 5947.0 -177.0
-2750.0 5927.0 -167.0
-2700.0 5947.0 -130.0
-2727.0 5947.0 -147.0
-2640.0 5980.0 -162.0
-2695.0 5952.0 -130.0
-2632.0 5970.0 -142.0
-2587.0 5952.0 -167.0
-2550.0 6055.0 -130.0
-2550.0 6022.0 -147.0
-2482.0 6012.0 -120.0
-2482.0 6032.0 -147.0
-2455.0 6022.0 -162.0
-2410.0 6037.0 -142.0
-2380.0 6060.0 -95.0
-2357.0 6055.0 -162.0
-2342.0 6085.0 -142.0
-2352.0 6107.0 -110.0
-2352.0 6047.0 -110.0
-2375.0 6097.0 -130.0
-2302.0 6080.0 -120.0
-2320.0 6112.0 -47.0
-2280.0 6090.0 -105.0
-2280.0 6097.0 -120.0
-2247.0 6070.0 -95.0
-2302.0 6047.0 -100.0
-3810.0 5592.0 -617.0
-3815.0 4720.0 1422.0
-4045.0 5222.0 125.0
-4197.0 5052.0 82.0
-4237.0 5117.0 -62.0
-3575.0 5530.0 -40.0
-3607.0 5497.0 -5.0
-3630.0 5482.0 10.0
-3697.0 5507.0 30.0
-3637.0 5492.0 -10.0
-3620.0 5467.0 0.0
-3670.0 5467.0 -5.0
-3602.0 5507.0 -10.0
-3630.0 5535.0 30.0
-3597.0 5515.0 -15.0
-3565.0 5482.0 0.0
-3490.0 5535.0 10.0
-3535.0 5525.0 62.0
-3525.0 5530.0 72.0
-3507.0 5550.0 40.0
-3530.0 5492.0 62.0
-3480.0 5550.0 52.0
-3507.0 5540.0 35.0
-3497.0 5545.0 47.0
-3457.0 5577.0 35.0
-3395.0 5620.0 10.0
-3417.0 5630.0 30.0
-3340.0 5605.0 47.0
-3380.0 5545.0 15.0
-3327.0 5625.0 40.0
-3327.0 5682.0 67.0
-3362.0 5625.0 -25.0
-3327.0 5647.0 -15.0
-3407.0 5635.0 -67.0
-3362.0 5635.0 -62.0
-3305.0 5672.0 -120.0
-3430.0 5635.0 -82.0
-3665.0 5530.0 -190.0
-3867.0 5392.0 -195.0
-3800.0 5420.0 -200.0
-3727.0 5482.0 -177.0
-3710.0 5502.0 -177.0
-3737.0 5520.0 -247.0
-3742.0 5502.0 -227.0
-3782.0 5477.0 -232.0
-3710.0 5445.0 -210.0
-3687.0 5487.0 -200.0
-3660.0 5487.0 -215.0
-3602.0 5540.0 -200.0
-3592.0 5515.0 -167.0
-4540.0 4090.0 1550.0
-3832.0 4237.0 2005.0
-4192.0 3905.0 2037.0
-4622.0 4772.0 -5.0
-5015.0 4482.0 -82.0
-5100.0 4332.0 -87.0
-5072.0 4387.0 -115.0
-5095.0 4402.0 -62.0
-5087.0 4407.0 -137.0
-5087.0 4402.0 -115.0
-5060.0 4407.0 -87.0
-5082.0 4440.0 -142.0
-5087.0 4440.0 -82.0
-5072.0 4430.0 -105.0
-5065.0 4407.0 -87.0
-4932.0 4577.0 -210.0
-4792.0 4700.0 -200.0
-4690.0 4815.0 -152.0
-4730.0 4790.0 -167.0
-4695.0 4810.0 -142.0
-4667.0 4762.0 -137.0
-4672.0 4715.0 -147.0
-4730.0 4725.0 -137.0
-4747.0 4747.0 -200.0
-4695.0 4742.0 -177.0
-4725.0 4747.0 -185.0
-4662.0 4795.0 -162.0
-4657.0 4852.0 -137.0
-4662.0 4795.0 -177.0
-4640.0 4825.0 -120.0
-4617.0 4830.0 -137.0
-4545.0 4825.0 -100.0
-4555.0 4837.0 -105.0
-4562.0 4872.0 -152.0
-4562.0 4905.0 -167.0
-4517.0 4920.0 -142.0
-4500.0 4947.0 -125.0
-4437.0 4942.0 -120.0
-4500.0 4947.0 -147.0
-4437.0 4952.0 -137.0
-4437.0 4947.0 -152.0
-4482.0 4975.0 -72.0
-4445.0 4957.0 -100.0
-4410.0 5042.0 -105.0
-4415.0 5070.0 -82.0
-4437.0 4995.0 -130.0
-4342.0 5027.0 -142.0
-4360.0 4970.0 -177.0
-4437.0 5000.0 -147.0
-4422.0 5037.0 -142.0
-5397.0 3482.0 1205.0
-5117.0 4195.0 417.0
-2997.0 1915.0 4350.0
-4740.0 3842.0 1660.0
-5162.0 4285.0 -77.0
-5167.0 4302.0 -120.0
-5380.0 4117.0 -152.0
-5335.0 4160.0 -172.0
-5385.0 4152.0 -172.0
-5380.0 4147.0 -177.0
-5317.0 4152.0 -177.0
-5307.0 4202.0 -195.0
-5267.0 4190.0 -200.0
-5317.0 4217.0 -195.0
-5330.0 4147.0 -247.0
-5290.0 4170.0 -280.0
-5317.0 4190.0 -257.0
-5307.0 4170.0 -242.0
-5347.0 4175.0 -237.0
-5335.0 4175.0 -237.0
-5335.0 4165.0 -242.0
-5352.0 4147.0 -247.0
-5307.0 4227.0 -215.0
-5335.0 4152.0 -237.0
-5267.0 4232.0 -185.0
-5272.0 4212.0 -275.0
-5245.0 4217.0 -227.0
-5272.0 4180.0 -232.0
-5295.0 4222.0 -242.0
-5370.0 4137.0 -237.0
-5362.0 4142.0 -227.0
-5380.0 4147.0 -232.0
-5380.0 4175.0 -232.0
-5335.0 4202.0 -247.0
-5317.0 4217.0 -167.0
-5317.0 4202.0 -242.0
-5302.0 4217.0 -190.0
-5272.0 4195.0 -167.0
-5330.0 4232.0 -200.0
-5317.0 4202.0 -252.0
-5285.0 4170.0 -252.0
-5227.0 4185.0 -237.0
-5250.0 4260.0 -232.0
-5302.0 4217.0 -267.0
-5285.0 4227.0 -275.0
-5280.0 4260.0 -257.0
-5250.0 4265.0 -210.0
-5317.0 4207.0 -185.0
-5330.0 4260.0 -275.0
-5280.0 4195.0 -237.0
-5087.0 2857.0 -3075.0
-5077.0 2835.0 -3110.0
-5042.0 2835.0 -3090.0
-5105.0 2840.0 -3052.0
-5055.0 2872.0 -3052.0
-5050.0 2857.0 -3052.0
-5027.0 2840.0 -3067.0
-5065.0 2877.0 -3047.0
-5072.0 2877.0 -3105.0
-5060.0 2830.0 -3080.0
-5095.0 2825.0 -3080.0
-5042.0 2805.0 -3062.0
-5072.0 2852.0 -3027.0
-5122.0 2830.0 -3057.0
-5055.0 2840.0 -3117.0
-5127.0 2840.0 -3100.0
-5162.0 2840.0 -3057.0
-5132.0 2825.0 -3037.0
-5132.0 2835.0 -3127.0
-5087.0 2777.0 -3085.0
-5132.0 2852.0 -3052.0
-5122.0 2852.0 -3052.0
-5132.0 2847.0 -3075.0
-5127.0 2835.0 -3067.0
-5117.0 2867.0 -3117.0
-5087.0 2820.0 -3075.0
-5150.0 2847.0 -3057.0
-5110.0 2820.0 -3037.0
-5140.0 2820.0 -3117.0
-5105.0 2777.0 -3117.0
-5140.0 2810.0 -3047.0
-5155.0 2840.0 -3080.0
-5162.0 2877.0 -3132.0
-5145.0 2810.0 -3075.0
-5200.0 2792.0 -3090.0
-5185.0 2805.0 -3090.0
-5205.0 2815.0 -3027.0
-5172.0 2792.0 -3020.0
-5167.0 2407.0 -3302.0
-5537.0 2110.0 -1522.0
-5570.0 2227.0 -1290.0
-5465.0 2280.0 -1142.0
-5532.0 2265.0 -1157.0
-5502.0 2317.0 -1120.0
-5487.0 2300.0 -1062.0
-5492.0 2290.0 -1090.0
-5487.0 2285.0 -1077.0
-5447.0 2342.0 -820.0
-5475.0 2360.0 -717.0
-5492.0 2370.0 -655.0
-5162.0 1677.0 -3482.0
-5515.0 1470.0 -2342.0
-5537.0 1872.0 -2020.0
-5717.0 1857.0 167.0
-4657.0 925.0 3692.0
-6825.0 1332.0 -267.0
-6805.0 1497.0 -290.0
-6752.0 1582.0 -215.0
-6747.0 1612.0 -205.0
-6805.0 1555.0 -262.0
-6797.0 1497.0 -280.0
-6775.0 1460.0 -247.0
-6815.0 1432.0 -285.0
-6792.0 1417.0 -295.0
-6825.0 1385.0 -290.0
-6820.0 1347.0 -317.0
-6825.0 1285.0 -300.0
-6815.0 1332.0 -310.0
-6792.0 1285.0 -337.0
-6832.0 1300.0 -285.0
-6815.0 1270.0 -310.0
-6832.0 1265.0 -327.0
-6825.0 1247.0 -322.0
-6837.0 1222.0 -327.0
-6775.0 1200.0 -247.0
-6815.0 1232.0 -295.0
-6815.0 1280.0 -317.0
-6805.0 1242.0 -310.0
-6775.0 1295.0 -322.0
-6837.0 1280.0 -332.0
-6805.0 1332.0 -237.0
-6825.0 1265.0 -310.0
-6855.0 1237.0 -275.0
-6820.0 1247.0 -280.0
-6832.0 1227.0 -295.0
-6810.0 1242.0 -337.0
-6792.0 1442.0 -210.0
-6752.0 1540.0 -205.0
-6742.0 1725.0 -200.0
-6737.0 1660.0 -247.0
-6815.0 1480.0 -252.0
-6825.0 1417.0 -310.0
-6782.0 1365.0 -237.0
-6752.0 1390.0 -247.0
-6820.0 1360.0 -232.0
-6855.0 1317.0 -262.0
-6820.0 1332.0 -322.0
-6792.0 1322.0 -305.0
-6797.0 1285.0 -295.0
-6815.0 1290.0 -295.0
-5217.0 210.0 -3375.0
-5317.0 375.0 -3032.0
-5390.0 740.0 -2895.0
-6345.0 650.0 337.0
-4910.0 735.0 3607.0
-3972.0 267.0 4365.0
-5015.0 407.0 3397.0
-6922.0 480.0 -280.0
-6927.0 570.0 -252.0
-6950.0 622.0 -370.0
-6937.0 555.0 -332.0
-6982.0 390.0 -375.0
-6950.0 357.0 -332.0
-6932.0 310.0 -385.0
-6977.0 322.0 -395.0
-6915.0 290.0 -380.0
-6892.0 305.0 -385.0
-6937.0 247.0 -395.0
-6937.0 267.0 -347.0
-6982.0 257.0 -385.0
-6937.0 247.0 -365.0
-6955.0 215.0 -422.0
-6945.0 185.0 -417.0
-6960.0 110.0 -390.0
-6977.0 162.0 -455.0
-6990.0 162.0 -395.0
-6955.0 87.0 -412.0
-6967.0 137.0 -465.0
-6922.0 120.0 -442.0
-6977.0 162.0 -427.0
-6937.0 120.0 -417.0
-6967.0 82.0 -437.0
-6955.0 87.0 -422.0
-6960.0 57.0 -412.0
-6972.0 95.0 -412.0
-6945.0 142.0 -380.0
-6950.0 105.0 -375.0
-6990.0 77.0 -412.0
-6960.0 57.0 -407.0
-7005.0 100.0 -385.0
-7022.0 82.0 -412.0
-6967.0 95.0 -400.0
-6955.0 105.0 -407.0
-6977.0 82.0 -432.0
-6960.0 110.0 -412.0
-7027.0 77.0 -342.0
-6950.0 30.0 -432.0
-7017.0 30.0 -400.0
-6955.0 35.0 -390.0
-6977.0 62.0 -385.0
-5132.0 -52.0 -3275.0
-6910.0 -167.0 -352.0
-6905.0 -760.0 -497.0
-6910.0 -682.0 -432.0
-6950.0 -640.0 -447.0
-6905.0 -612.0 -407.0
-6910.0 -830.0 -502.0
-6927.0 -825.0 -490.0
-6915.0 -825.0 -550.0
-6910.0 -855.0 -517.0
-6865.0 -855.0 -470.0
-6860.0 -872.0 -475.0
-6932.0 -835.0 -470.0
-6915.0 -882.0 -490.0
-6910.0 -897.0 -475.0
-6922.0 -872.0 -470.0
-6945.0 -862.0 -502.0
-6910.0 -840.0 -475.0
-6887.0 -830.0 -442.0
-6932.0 -802.0 -447.0
-6927.0 -787.0 -490.0
-6910.0 -807.0 -455.0
-6960.0 -765.0 -455.0
-6945.0 -730.0 -455.0
-6910.0 -765.0 -437.0
-6937.0 -735.0 -465.0
-6937.0 -760.0 -517.0
-6932.0 -740.0 -517.0
-6915.0 -815.0 -517.0
-6960.0 -787.0 -517.0
-6887.0 -760.0 -460.0
-6887.0 -792.0 -475.0
-6910.0 -777.0 -485.0
-6945.0 -845.0 -507.0
-6937.0 -825.0 -497.0
-6932.0 -782.0 -490.0
-6900.0 -850.0 -517.0
-6922.0 -855.0 -532.0
-6915.0 -855.0 -512.0
-6932.0 -887.0 -527.0
-6847.0 -845.0 -465.0
-6900.0 -855.0 -502.0
-6887.0 -850.0 -455.0
-6877.0 -820.0 -497.0
-6960.0 -845.0 -432.0
-6887.0 -872.0 -447.0
-6910.0 -840.0 -512.0
-6950.0 -867.0 -465.0
-6915.0 -910.0 -507.0
-6937.0 -887.0 -497.0
-6707.0 -1925.0 -787.0
-6685.0 -1930.0 -602.0
-6742.0 -1772.0 -645.0
-6805.0 -1617.0 -622.0
-6820.0 -1640.0 -617.0
-6770.0 -1697.0 -635.0
-6787.0 -1697.0 -627.0
-6760.0 -1687.0 -597.0
-6725.0 -1740.0 -612.0
-6752.0 -1762.0 -660.0
-6765.0 -1797.0 -670.0
-6707.0 -1802.0 -645.0
-6742.0 -1792.0 -645.0
-6747.0 -1802.0 -635.0
-6770.0 -1787.0 -670.0
-6715.0 -1820.0 -655.0
-6742.0 -1797.0 -650.0
-6730.0 -1862.0 -650.0
-6715.0 -1835.0 -645.0
-6720.0 -1835.0 -665.0
-6720.0 -1820.0 -682.0
-6730.0 -1815.0 -650.0
-6730.0 -1825.0 -670.0
-6707.0 -1802.0 -692.0
-6707.0 -1845.0 -725.0
-6702.0 -1820.0 -687.0
-6770.0 -1767.0 -707.0
-6770.0 -1692.0 -635.0
-6747.0 -1672.0 -635.0
-6747.0 -1702.0 -587.0
-6770.0 -1692.0 -597.0
-6730.0 -1692.0 -645.0
-6715.0 -1687.0 -607.0
-6742.0 -1735.0 -650.0
-6730.0 -1782.0 -692.0
-6702.0 -1787.0 -677.0
-6720.0 -1802.0 -677.0
-6775.0 -1825.0 -687.0
-6752.0 -1792.0 -627.0
-6742.0 -1830.0 -617.0
-6737.0 -1845.0 -602.0
-6707.0 -1905.0 -575.0
-6730.0 -1872.0 -592.0
-6707.0 -1835.0 -587.0
-6697.0 -1845.0 -592.0
-6647.0 -1930.0 -592.0
-6680.0 -1942.0 -622.0
-6652.0 -1920.0 -560.0
-6675.0 -1905.0 -597.0
-6620.0 -1830.0 -537.0
-3855.0 -1422.0 4260.0
-6052.0 -3275.0 -760.0
-6197.0 -3117.0 -725.0
-6115.0 -3147.0 -725.0
-6107.0 -3170.0 -740.0
-6035.0 -3355.0 -755.0
-6020.0 -3387.0 -717.0
-5990.0 -3387.0 -772.0
-5997.0 -3387.0 -712.0
-6052.0 -3402.0 -750.0
-6035.0 -3380.0 -712.0
-6047.0 -3365.0 -760.0
-6030.0 -3332.0 -765.0
-5997.0 -3392.0 -730.0
-5990.0 -3435.0 -717.0
-5997.0 -3387.0 -735.0
-6007.0 -3412.0 -735.0
-5967.0 -3355.0 -740.0
-5980.0 -3375.0 -765.0
-5990.0 -3365.0 -755.0
-6007.0 -3290.0 -755.0
-6057.0 -3332.0 -670.0
-5985.0 -3365.0 -687.0
-6057.0 -3317.0 -707.0
-6057.0 -3365.0 -760.0
-6065.0 -3350.0 -712.0
-6042.0 -3322.0 -740.0
-6057.0 -3290.0 -745.0
-6025.0 -3345.0 -725.0
-5997.0 -3365.0 -725.0
-6007.0 -3387.0 -755.0
-6007.0 -3380.0 -712.0
-6012.0 -3312.0 -712.0
-6035.0 -3355.0 -697.0
-6020.0 -3380.0 -692.0
-6092.0 -3327.0 -712.0
-6065.0 -3297.0 -712.0
-6137.0 -3217.0 -692.0
-6092.0 -3255.0 -702.0
-6137.0 -3242.0 -670.0
-6165.0 -3200.0 -682.0
-6125.0 -3152.0 -702.0
-6142.0 -3147.0 -677.0
-6115.0 -3207.0 -682.0
-6097.0 -3200.0 -670.0
-6097.0 -3200.0 -712.0
-6107.0 -3232.0 -730.0
-6107.0 -3222.0 -665.0
-6097.0 -3207.0 -665.0
-6102.0 -3180.0 -677.0
-5480.0 -4070.0 -977.0
-5470.0 -4005.0 -935.0
-5280.0 -4285.0 -862.0
-5357.0 -4237.0 -802.0
-5435.0 -4132.0 -840.0
-5375.0 -4165.0 -825.0
-5267.0 -4307.0 -815.0
-5240.0 -4317.0 -802.0
-5257.0 -4350.0 -815.0
-5245.0 -4355.0 -825.0
-5240.0 -4317.0 -825.0
-5262.0 -4345.0 -867.0
-5222.0 -4365.0 -815.0
-5222.0 -4312.0 -820.0
-5280.0 -4355.0 -792.0
-5212.0 -4312.0 -777.0
-5167.0 -4302.0 -792.0
-5280.0 -4345.0 -815.0
-5280.0 -4302.0 -772.0
-5302.0 -4322.0 -797.0
-5227.0 -4260.0 -797.0
-5262.0 -4292.0 -782.0
-5285.0 -4332.0 -787.0
-5250.0 -4232.0 -787.0
-5330.0 -4237.0 -787.0
-5330.0 -4292.0 -772.0
-5317.0 -4270.0 -755.0
-5347.0 -4222.0 -765.0
-5267.0 -4250.0 -760.0
-5307.0 -4217.0 -792.0
-5285.0 -4280.0 -787.0
-5335.0 -4280.0 -797.0
-5330.0 -4275.0 -797.0
-5352.0 -4242.0 -825.0
-5347.0 -4302.0 -787.0
-5347.0 -4227.0 -755.0
-5307.0 -4237.0 -782.0
-5280.0 -4340.0 -750.0
-5307.0 -4322.0 -725.0
-5285.0 -4275.0 -787.0
-5295.0 -4227.0 -777.0
-5262.0 -4232.0 -745.0
-5307.0 -4280.0 -760.0
-5280.0 -4285.0 -760.0
-5280.0 -4260.0 -782.0
-5375.0 -4285.0 -760.0
-5352.0 -4292.0 -750.0
-5357.0 -4242.0 -755.0
-5307.0 -4232.0 -745.0
-5385.0 -4222.0 -740.0
-2190.0 -1857.0 4910.0
-5155.0 -4540.0 -725.0
-4880.0 -4725.0 -717.0
-4600.0 -4880.0 -1062.0
-4517.0 -4857.0 -1190.0
-4400.0 -4947.0 -1072.0
-4467.0 -4905.0 -1120.0
-4297.0 -5090.0 -1095.0
-4297.0 -5117.0 -1000.0
-4355.0 -5047.0 -1042.0
-4342.0 -5052.0 -1042.0
-5032.0 -4460.0 -987.0
-5150.0 -4365.0 -925.0
-4820.0 -4782.0 -972.0
-4802.0 -4747.0 -935.0
-4747.0 -4735.0 -967.0
-4775.0 -4782.0 -930.0
-4780.0 -4757.0 -935.0
-4775.0 -4742.0 -952.0
-4807.0 -4742.0 -962.0
-4770.0 -4725.0 -935.0
-4830.0 -4747.0 -910.0
-4780.0 -4777.0 -962.0
-4780.0 -4715.0 -877.0
-4762.0 -4715.0 -945.0
-4762.0 -4725.0 -940.0
-4792.0 -4705.0 -1000.0
-4785.0 -4692.0 -982.0
-4815.0 -4710.0 -987.0
-4775.0 -4772.0 -905.0
-4740.0 -4730.0 -977.0
-4770.0 -4757.0 -957.0
-4780.0 -4742.0 -967.0
-4757.0 -4730.0 -920.0
-4757.0 -4725.0 -915.0
-4785.0 -4742.0 -962.0
-4792.0 -4700.0 -925.0
-4792.0 -4715.0 -910.0
-4785.0 -4725.0 -945.0
-4762.0 -4772.0 -930.0
-4770.0 -4735.0 -925.0
-4775.0 -4772.0 -915.0
-4815.0 -4800.0 -930.0
-4820.0 -4747.0 -862.0
-4842.0 -4742.0 -830.0
-4797.0 -4762.0 -835.0
-4847.0 -4757.0 -802.0
-4825.0 -4747.0 -830.0
-4837.0 -4720.0 -815.0
-4937.0 -4610.0 -807.0
-4090.0 -5142.0 -1062.0
-4170.0 -5202.0 -1015.0
-4237.0 -5155.0 -1005.0
-4185.0 -5112.0 -1020.0
-4225.0 -5137.0 -1015.0
-4185.0 -5132.0 -1047.0
-4237.0 -5132.0 -1005.0
-4252.0 -5122.0 -1005.0
-4012.0 -5307.0 -1000.0
-3945.0 -5312.0 -1015.0
-3967.0 -5240.0 -995.0
-3962.0 -5255.0 -967.0
-4012.0 -5222.0 -945.0
-4035.0 -5232.0 -930.0
-4067.0 -5255.0 -995.0
-4057.0 -5245.0 -1005.0
-4057.0 -5255.0 -967.0
-3995.0 -5265.0 -952.0
-3977.0 -5275.0 -952.0
-4030.0 -5275.0 -972.0
-4030.0 -5350.0 -977.0
-4080.0 -5307.0 -930.0
-4035.0 -5297.0 -910.0
-4067.0 -5280.0 -905.0
-4040.0 -5297.0 -910.0
-4045.0 -5265.0 -945.0
-4097.0 -5227.0 -925.0
-4035.0 -5297.0 -920.0
-4097.0 -5260.0 -925.0
-4140.0 -5245.0 -915.0
-4120.0 -5212.0 -945.0
-4140.0 -5197.0 -945.0
-4175.0 -5227.0 -925.0
-4192.0 -5240.0 -897.0
-4170.0 -5190.0 -925.0
-4135.0 -5212.0 -920.0
-4162.0 -5227.0 -925.0
-4175.0 -5260.0 -920.0
-4152.0 -5245.0 -962.0
-4185.0 -5240.0 -897.0
-4157.0 -5180.0 -867.0
-4140.0 -5222.0 -855.0
-4237.0 -5202.0 -915.0
-4225.0 -5202.0 -867.0
-4215.0 -5132.0 -957.0
-4207.0 -5150.0 -920.0
-4215.0 -5190.0 -940.0
-4220.0 -5160.0 -930.0
-4215.0 -5127.0 -930.0
-4247.0 -5137.0 -930.0
-2482.0 -5730.0 -1612.0
-2685.0 -5677.0 -1665.0
-2532.0 -5737.0 -1697.0
-2527.0 -5705.0 -1740.0
-2527.0 -5747.0 -1740.0
-2460.0 -5682.0 -1720.0
-2482.0 -5767.0 -1750.0
-2447.0 -5752.0 -1740.0
-2447.0 -5737.0 -1725.0
-2455.0 -5767.0 -1707.0
-2415.0 -5800.0 -1687.0
-2410.0 -5747.0 -1692.0
-2442.0 -5730.0 -1730.0
-2420.0 -5747.0 -1677.0
-2397.0 -5742.0 -1725.0
-2392.0 -5710.0 -1692.0
-2402.0 -5785.0 -1687.0
-2380.0 -5757.0 -1677.0
-2370.0 -5757.0 -1640.0
-2415.0 -5785.0 -1665.0
-2460.0 -5757.0 -1672.0
-2420.0 -5777.0 -1687.0
-2425.0 -5767.0 -1682.0
-2447.0 -5772.0 -1707.0
-2460.0 -5715.0 -1687.0
-2447.0 -5790.0 -1735.0
-2420.0 -5752.0 -1735.0
-2455.0 -5762.0 -1702.0
-2442.0 -5730.0 -1687.0
-2397.0 -5777.0 -1697.0
-2410.0 -5762.0 -1730.0
-2425.0 -5767.0 -1707.0
-2347.0 -5772.0 -1735.0
-2365.0 -5795.0 -1740.0
-2380.0 -5820.0 -1697.0
-2365.0 -5810.0 -1725.0
-2380.0 -5767.0 -1687.0
-2375.0 -5815.0 -1687.0
-2375.0 -5820.0 -1692.0
-2397.0 -5767.0 -1702.0
-2352.0 -5772.0 -1697.0
-2335.0 -5790.0 -1687.0
-2347.0 -5800.0 -1635.0
-2352.0 -5795.0 -1687.0
-2330.0 -5785.0 -1687.0
-2330.0 -5827.0 -1697.0
-2330.0 -5785.0 -1660.0
-2342.0 -5805.0 -1645.0
-2335.0 -5772.0 -1707.0
-2357.0 -5820.0 -1682.0
-162.0 -782.0 5245.0
-1545.0 -6122.0 -962.0
-1905.0 -6027.0 -1110.0
-1820.0 -6055.0 -1175.0
-1720.0 -6065.0 -1167.0
-1450.0 -6097.0 -1210.0
-1350.0 -6080.0 -1110.0
-1250.0 -6117.0 -1137.0
-1250.0 -6132.0 -1142.0
-1152.0 -6122.0 -1167.0
-1137.0 -6122.0 -1105.0
-1125.0 -6127.0 -1115.0
-1092.0 -6117.0 -1120.0
-1085.0 -6150.0 -1137.0
-1085.0 -6097.0 -1142.0
-1175.0 -6107.0 -1275.0
-1412.0 -6027.0 -1265.0
-1345.0 -6017.0 -1265.0
-1327.0 -6097.0 -1270.0
-1395.0 -6122.0 -1247.0
-1422.0 -6070.0 -1252.0
-1455.0 -6055.0 -1285.0
-1467.0 -6065.0 -1275.0
-1540.0 -6085.0 -1337.0
-1540.0 -6102.0 -1280.0
-1507.0 -6042.0 -1295.0
-1500.0 -6090.0 -1295.0
-1462.0 -6075.0 -1290.0
-1440.0 -6080.0 -1322.0
-1427.0 -6112.0 -1300.0
-1405.0 -6075.0 -1290.0
-1395.0 -6122.0 -1270.0
-1377.0 -6097.0 -1295.0
-1445.0 -6097.0 -1290.0
-1377.0 -6070.0 -1347.0
-1405.0 -6085.0 -1290.0
-1377.0 -6080.0 -1300.0
-1395.0 -6097.0 -1270.0
-1372.0 -6075.0 -1295.0
-1327.0 -6047.0 -1252.0
-1337.0 -6055.0 -1275.0
-1372.0 -6070.0 -1215.0
-1292.0 -6075.0 -1257.0
-1400.0 -6047.0 -1227.0
-1390.0 -6080.0 -1252.0
-1382.0 -6075.0 -1305.0
-1412.0 -6055.0 -1370.0
-1427.0 -6055.0 -1290.0
-1390.0 -6075.0 -1332.0
-1382.0 -6065.0 -1265.0
-32.0 -602.0 5275.0
-60.0 -6197.0 -740.0
-412.0 -6137.0 -1015.0
-1070.0 -6192.0 -830.0
-805.0 -6175.0 -877.0
-745.0 -6150.0 -830.0
-605.0 -6202.0 -815.0
-575.0 -6197.0 -802.0
-480.0 -6222.0 -735.0
-492.0 -6197.0 -760.0
-442.0 -6217.0 -807.0
-435.0 -6170.0 -777.0
-430.0 -6197.0 -797.0
-425.0 -6197.0 -802.0
-412.0 -6170.0 -792.0
-457.0 -6217.0 -745.0
-367.0 -6222.0 -807.0
-380.0 -6185.0 -777.0
-312.0 -6170.0 -712.0
-335.0 -6185.0 -697.0
-307.0 -6197.0 -712.0
-295.0 -6145.0 -725.0
-357.0 -6197.0 -730.0
-347.0 -6137.0 -760.0
-357.0 -6207.0 -707.0
-267.0 -6180.0 -702.0
-262.0 -6207.0 -712.0
-312.0 -6170.0 -735.0
-267.0 -6192.0 -760.0
-325.0 -6175.0 -782.0
-295.0 -6212.0 -725.0
-317.0 -6175.0 -730.0
-212.0 -6175.0 -760.0
-227.0 -6160.0 -772.0
-302.0 -6170.0 -772.0
-312.0 -6170.0 -717.0
-312.0 -6150.0 -712.0
-272.0 -6165.0 -760.0
-280.0 -6202.0 -717.0
-290.0 -6175.0 -712.0
-245.0 -6180.0 -677.0
-240.0 -6207.0 -697.0
-190.0 -6197.0 -687.0
-190.0 -6202.0 -702.0
-190.0 -6192.0 -682.0
-162.0 -6207.0 -640.0
-110.0 -6192.0 -655.0
-172.0 -6197.0 -665.0
-105.0 -6175.0 -670.0
-150.0 -6185.0 -682.0
952.0 -6000.0 -840.0
110.0 -6185.0 -665.0
77.0 -6170.0 -717.0
240.0 -6097.0 -717.0
385.0 -6122.0 -655.0
465.0 -6090.0 -697.0
470.0 -6107.0 -712.0
470.0 -6085.0 -745.0
425.0 -6097.0 -735.0
407.0 -6112.0 -730.0
452.0 -6112.0 -760.0
435.0 -6117.0 -782.0
470.0 -6097.0 -760.0
412.0 -6075.0 -765.0
442.0 -6097.0 -797.0
425.0 -6097.0 -745.0
412.0 -6070.0 -777.0
457.0 -6102.0 -782.0
465.0 -6070.0 -730.0
510.0 -6075.0 -787.0
510.0 -6102.0 -772.0
502.0 -6080.0 -792.0
480.0 -6075.0 -755.0
465.0 -6080.0 -760.0
542.0 -6102.0 -735.0
525.0 -6102.0 -825.0
487.0 -6037.0 -835.0
515.0 -6065.0 -815.0
502.0 -6060.0 -830.0
520.0 -6022.0 -807.0
520.0 -6047.0 -802.0
480.0 -6047.0 -797.0
510.0 -6060.0 -777.0
487.0 -6102.0 -772.0
475.0 -6080.0 -802.0
525.0 -6097.0 -802.0
515.0 -6037.0 -815.0
542.0 -6017.0 -830.0
515.0 -6047.0 -792.0
510.0 -6055.0 -777.0
537.0 -6055.0 -787.0
587.0 -5990.0 -915.0
637.0 -5980.0 -1000.0
650.0 -5947.0 -1095.0
597.0 -5980.0 -1132.0
632.0 -5995.0 -1077.0
687.0 -5990.0 -1072.0
597.0 -6060.0 -1047.0
632.0 -6007.0 -1015.0
592.0 -5975.0 -972.0
672.0 -3185.0 4512.0
857.0 -3370.0 4387.0
302.0 -892.0 5232.0
1782.0 -5587.0 -967.0
1485.0 -5715.0 -1015.0
1427.0 -5762.0 -1115.0
1455.0 -5752.0 -1072.0
1472.0 -5742.0 -1035.0
1445.0 -5747.0 -1030.0
1517.0 -5742.0 -977.0
1485.0 -5725.0 -962.0
1495.0 -5730.0 -952.0
1450.0 -5790.0 -972.0
1445.0 -5800.0 -967.0
1455.0 -5777.0 -962.0
1455.0 -5757.0 -972.0
1445.0 -5762.0 -972.0
1412.0 -5772.0 -945.0
1405.0 -5767.0 -897.0
1500.0 -5757.0 -930.0
1477.0 -5725.0 -945.0
1477.0 -5737.0 -952.0
1450.0 -5757.0 -930.0
1467.0 -5730.0 -925.0
1517.0 -5757.0 -967.0
1540.0 -5742.0 -972.0
1535.0 -5742.0 -915.0
1562.0 -5710.0 -872.0
1557.0 -5720.0 -905.0
1507.0 -5710.0 -892.0
1540.0 -5757.0 -925.0
1545.0 -5742.0 -892.0
1567.0 -5790.0 -862.0
1617.0 -5747.0 -845.0
1535.0 -5752.0 -882.0
1580.0 -5725.0 -815.0
1517.0 -5725.0 -835.0
1530.0 -5757.0 -855.0
1507.0 -5757.0 -845.0
1507.0 -5725.0 -882.0
1522.0 -5715.0 -815.0
1530.0 -5785.0 -872.0
1490.0 -5777.0 -850.0
1512.0 -5730.0 -882.0
1522.0 -5762.0 -887.0
1512.0 -5757.0 -845.0
1522.0 -5742.0 -867.0
1567.0 -5762.0 -830.0
1552.0 -5757.0 -855.0
1467.0 -5772.0 -825.0
1477.0 -2777.0 4587.0
2167.0 -3810.0 3655.0
1720.0 -3207.0 4175.0
312.0 -555.0 5260.0
2870.0 -4995.0 772.0
2790.0 -4957.0 -1317.0
2600.0 -5060.0 -1355.0
2605.0 -5060.0 -1355.0
2735.0 -5042.0 -1337.0
2600.0 -5095.0 -1347.0
2677.0 -5080.0 -1365.0
2712.0 -5022.0 -1385.0
2655.0 -5042.0 -1390.0
2750.0 -5052.0 -1347.0
2712.0 -5052.0 -1342.0
2605.0 -5075.0 -1422.0
2672.0 -5085.0 -1407.0
2617.0 -5075.0 -1380.0
2645.0 -5095.0 -1402.0
2655.0 -5042.0 -1390.0
2640.0 -5070.0 -1412.0
2650.0 -5022.0 -1417.0
2627.0 -5052.0 -1437.0
2595.0 -5070.0 -1360.0
2645.0 -5052.0 -1355.0
2655.0 -5027.0 -1370.0
2662.0 -5065.0 -1390.0
2677.0 -4990.0 -1395.0
2690.0 -5080.0 -1385.0
2662.0 -5085.0 -1370.0
2667.0 -5070.0 -1360.0
2700.0 -5005.0 -1327.0
2640.0 -5075.0 -1317.0
2595.0 -5085.0 -1355.0
2667.0 -5085.0 -1322.0
2690.0 -5032.0 -1355.0
2685.0 -5037.0 -1322.0
2750.0 -4990.0 -1332.0
2780.0 -4985.0 -1312.0
2712.0 -4995.0 -1285.0
2712.0 -5047.0 -1295.0
2880.0 -5000.0 -1115.0
2772.0 -5022.0 -1057.0
2807.0 -5010.0 -1090.0
2767.0 -5027.0 -1100.0
2722.0 -5075.0 -1095.0
2757.0 -5085.0 -1030.0
2745.0 -5070.0 -1090.0
2735.0 -5042.0 -1077.0
2587.0 -5165.0 -1015.0
3440.0 -4317.0 1707.0
1787.0 -2390.0 -5000.0
3445.0 -4507.0 -1337.0
3322.0 -4545.0 -1412.0
2935.0 -4872.0 -1485.0
3187.0 -4640.0 -1455.0
3200.0 -4625.0 -1432.0
3250.0 -4682.0 -1465.0
3232.0 -4645.0 -1475.0
3227.0 -4597.0 -1485.0
3227.0 -4582.0 -1485.0
3237.0 -4635.0 -1517.0
3232.0 -4610.0 -1527.0
3182.0 -4620.0 -1475.0
3232.0 -4630.0 -1465.0
3267.0 -4567.0 -1455.0
3245.0 -4602.0 -1475.0
3177.0 -4630.0 -1385.0
3165.0 -4672.0 -1417.0
3177.0 -4667.0 -1460.0
3187.0 -4677.0 -1437.0
3195.0 -4682.0 -1450.0
3127.0 -4677.0 -1432.0
3127.0 -4730.0 -1417.0
3127.0 -4687.0 -1465.0
3075.0 -4710.0 -1502.0
3115.0 -4715.0 -1455.0
3142.0 -4757.0 -1412.0
3087.0 -4730.0 -1450.0
3075.0 -4767.0 -1470.0
3082.0 -4747.0 -1502.0
3097.0 -4752.0 -1480.0
3020.0 -4772.0 -1465.0
3032.0 -4757.0 -1460.0
3065.0 -4772.0 -1455.0
3070.0 -4720.0 -1460.0
3010.0 -4772.0 -1422.0
3020.0 -4735.0 -1432.0
3065.0 -4725.0 -1390.0
3120.0 -4757.0 -1375.0
3172.0 -4700.0 -1375.0
3300.0 -4597.0 -1317.0
3430.0 -4520.0 -1317.0
3317.0 -4555.0 -1327.0
3165.0 -4725.0 -1337.0
2885.0 -4962.0 -1332.0
2987.0 -4880.0 -1370.0
3200.0 -4700.0 -1300.0
3182.0 -4625.0 -1252.0
3172.0 -4687.0 -1332.0
3687.0 -4255.0 1355.0
3917.0 -3857.0 1820.0
3935.0 -3725.0 1995.0
3815.0 -3715.0 2100.0
3782.0 -3697.0 2127.0
3882.0 -3602.0 2100.0
3927.0 -3630.0 2067.0
4320.0 -3655.0 -1132.0
4305.0 -3630.0 -1175.0
4310.0 -3620.0 -1247.0
4282.0 -3662.0 -1200.0
4260.0 -3720.0 -1215.0
4310.0 -3662.0 -1242.0
4282.0 -3682.0 -1222.0
4297.0 -3635.0 -1210.0
4270.0 -3630.0 -1257.0
4275.0 -3645.0 -1257.0
4252.0 -3677.0 -1265.0
4252.0 -3677.0 -1232.0
4270.0 -3692.0 -1227.0
4260.0 -3677.0 -1237.0
4230.0 -3672.0 -1252.0
4192.0 -3677.0 -1285.0
4292.0 -3687.0 -1270.0
4282.0 -3672.0 -1242.0
4270.0 -3662.0 -1232.0
4265.0 -3692.0 -1265.0
4230.0 -3625.0 -1275.0
4260.0 -3720.0 -1210.0
4292.0 -3672.0 -1210.0
4252.0 -3672.0 -1247.0
4305.0 -3720.0 -1247.0
4237.0 -3677.0 -1180.0
4260.0 -3692.0 -1247.0
4265.0 -3735.0 -1247.0
4260.0 -3710.0 -1195.0
4220.0 -3715.0 -1285.0
4175.0 -3687.0 -1252.0
4152.0 -3705.0 -1232.0
4207.0 -3697.0 -1270.0
4207.0 -3757.0 -1285.0
4157.0 -3787.0 -1355.0
4170.0 -3672.0 -1480.0
4162.0 -3725.0 -1422.0
4067.0 -3842.0 -1380.0
4135.0 -3752.0 -1360.0
4305.0 -3710.0 -1237.0
4305.0 -3625.0 -1237.0
4237.0 -3745.0 -1242.0
4202.0 -3745.0 -1215.0
4477.0 -3015.0 1622.0
4672.0 -2867.0 1460.0
3620.0 -2195.0 -3772.0
3705.0 -2142.0 -3810.0
4775.0 -3015.0 -1100.0
4460.0 -3445.0 -1195.0
4482.0 -3407.0 -1152.0
4852.0 -2835.0 -1090.0
4775.0 -2895.0 -1100.0
4735.0 -2985.0 -1137.0
4747.0 -3037.0 -1142.0
4762.0 -3037.0 -1120.0
4780.0 -3027.0 -1137.0
4785.0 -3010.0 -1062.0
4770.0 -3027.0 -1137.0
4735.0 -3010.0 -1152.0
4717.0 -2990.0 -1157.0
4735.0 -3020.0 -1120.0
4730.0 -3032.0 -1105.0
4735.0 -3010.0 -1175.0
4775.0 -2995.0 -1147.0
4762.0 -2990.0 -1157.0
4762.0 -2977.0 -1162.0
4702.0 -3005.0 -1142.0
4762.0 -3047.0 -1120.0
4725.0 -3000.0 -1105.0
4757.0 -3047.0 -1115.0
4785.0 -3032.0 -1125.0
4740.0 -3005.0 -1125.0
4797.0 -3010.0 -1147.0
4735.0 -3020.0 -1125.0
4747.0 -3027.0 -1167.0
4690.0 -3010.0 -1100.0
4702.0 -3037.0 -1125.0
4712.0 -3047.0 -1157.0
4702.0 -3015.0 -1162.0
4717.0 -3047.0 -1152.0
4740.0 -3032.0 -1162.0
4797.0 -3057.0 -1142.0
4780.0 -2977.0 -1115.0
4785.0 -2990.0 -1142.0
4807.0 -3032.0 -1132.0
4702.0 -3032.0 -1090.0
4730.0 -3005.0 -1115.0
4762.0 -2985.0 -1120.0
4747.0 -2985.0 -1062.0
4780.0 -2972.0 -1090.0
4775.0 -2995.0 -1120.0
4775.0 -2995.0 -1157.0
4702.0 -3085.0 -1147.0
1697.0 -920.0 4900.0
205.0 -87.0 5250.0
1837.0 -905.0 4852.0
4622.0 -2417.0 -2540.0
5245.0 -1990.0 -1005.0
5185.0 -2175.0 -1010.0
5162.0 -2295.0 -1052.0
5272.0 -2195.0 -1062.0
5155.0 -2322.0 -1110.0
5195.0 -2247.0 -1015.0
5162.0 -2290.0 -1115.0
5155.0 -2270.0 -1057.0
5110.0 -2300.0 -1152.0
5127.0 -2290.0 -1132.0
5140.0 -2370.0 -1115.0
5140.0 -2332.0 -1137.0
5127.0 -2370.0 -1132.0
5100.0 -2380.0 -1110.0
5100.0 -2342.0 -1110.0
5127.0 -2280.0 -1085.0
5122.0 -2350.0 -1105.0
5122.0 -2370.0 -1042.0
5127.0 -2307.0 -1047.0
5110.0 -2370.0 -1077.0
5095.0 -2440.0 -1062.0
5077.0 -2450.0 -1072.0
5060.0 -2455.0 -1062.0
5122.0 -2427.0 -1062.0
5077.0 -2417.0 -1072.0
5105.0 -2380.0 -1142.0
5077.0 -2440.0 -1115.0
5117.0 -2427.0 -1152.0
5100.0 -2407.0 -1110.0
5027.0 -2480.0 -1110.0
5087.0 -2450.0 -1100.0
5082.0 -2412.0 -1072.0
5050.0 -2475.0 -1142.0
5042.0 -2507.0 -1077.0
5055.0 -2522.0 -1067.0
5050.0 -2497.0 -1100.0
5037.0 -2497.0 -1077.0
5077.0 -2460.0 -1062.0
5082.0 -2427.0 -1025.0
5087.0 -2487.0 -1085.0
5055.0 -2455.0 -1090.0
5032.0 -2470.0 -1120.0
5082.0 -2445.0 -1095.0
5050.0 -2445.0 -1137.0
5042.0 -2390.0 -1015.0
5050.0 -2370.0 -1085.0
5412.0 -1712.0 -177.0
4360.0 -1275.0 -3435.0
205.0 -47.0 5250.0
587.0 -105.0 5165.0
5245.0 -1810.0 -1740.0
5587.0 -1042.0 -935.0
5547.0 -1015.0 -962.0
5592.0 -1100.0 -925.0
5470.0 -1110.0 -915.0
5510.0 -1120.0 -940.0
5565.0 -1147.0 -920.0
5555.0 -1137.0 -905.0
5560.0 -1152.0 -982.0
5537.0 -1167.0 -977.0
5575.0 -1180.0 -930.0
5575.0 -1180.0 -957.0
5575.0 -1180.0 -930.0
5542.0 -1210.0 -930.0
5570.0 -1205.0 -945.0
5537.0 -1200.0 -940.0
5497.0 -1252.0 -1005.0
5525.0 -1232.0 -940.0
5542.0 -1270.0 -967.0
5515.0 -1300.0 -977.0
5532.0 -1300.0 -987.0
5475.0 -1312.0 -995.0
5502.0 -1355.0 -930.0
5502.0 -1355.0 -977.0
5497.0 -1375.0 -987.0
5475.0 -1355.0 -982.0
5515.0 -1355.0 -925.0
5470.0 -1355.0 -905.0
5487.0 -1402.0 -977.0
5465.0 -1375.0 -962.0
5510.0 -1385.0 -995.0
5497.0 -1305.0 -962.0
5497.0 -1370.0 -967.0
5487.0 -1355.0 -967.0
5532.0 -1347.0 -1015.0
5487.0 -1337.0 -935.0
5470.0 -1360.0 -1005.0
5497.0 -1407.0 -1000.0
5487.0 -1355.0 -957.0
5502.0 -1375.0 -987.0
5497.0 -1385.0 -995.0
5497.0 -1360.0 -945.0
5570.0 -1285.0 -962.0
5520.0 -1290.0 -972.0
5555.0 -1222.0 -972.0
5510.0 -1247.0 -1010.0
5487.0 -787.0 -1407.0
385.0 -20.0 5197.0
537.0 -57.0 5155.0
565.0 -77.0 5197.0
565.0 -52.0 5185.0
597.0 -57.0 5150.0
627.0 -105.0 5250.0
655.0 -100.0 5227.0
672.0 -35.0 5127.0
637.0 -10.0 5207.0
627.0 -40.0 5160.0
660.0 -62.0 5175.0
655.0 -30.0 5160.0
655.0 -15.0 5155.0
615.0 -10.0 5165.0
650.0 -5.0 5142.0
637.0 -5.0 5160.0
597.0 -5.0 5142.0
615.0 -10.0 5150.0
655.0 -10.0 5165.0
620.0 -5.0 5112.0
627.0 -10.0 5160.0
722.0 -5.0 5095.0
650.0 -15.0 5180.0
782.0 -120.0 5212.0
5740.0 -327.0 -840.0
5677.0 -565.0 -815.0
5655.0 -447.0 -845.0
5695.0 -400.0 -807.0
5705.0 -395.0 -845.0
5687.0 -370.0 -872.0
5755.0 -332.0 -820.0
5755.0 -375.0 -797.0
5727.0 -370.0 -845.0
5740.0 -380.0 -862.0
5695.0 -352.0 -887.0
5745.0 -400.0 -850.0
5687.0 -365.0 -867.0
5687.0 -357.0 -877.0
5677.0 -290.0 -905.0
5682.0 -342.0 -892.0
5682.0 -352.0 -910.0
5705.0 -375.0 -882.0
5695.0 -337.0 -867.0
5695.0 -412.0 -877.0
5682.0 -447.0 -820.0
5687.0 -407.0 -882.0
5682.0 -400.0 -867.0
5672.0 -390.0 -840.0
5700.0 -455.0 -892.0
